param c_p_t :=
["PV",*,*]:	1	2	3	4	5	6	7	8	9	10	11	12	:=
1	0.0	0.0	0.0	0.0	0.0	0.0	0.0	0.0	0.0	0.0	0.0	0.0	
2	0.0	0.0	0.0	0.0	0.0	0.0	0.0	0.0	0.0	0.0	0.0	0.0	
3	0.0	0.0	0.0	0.0	0.0	0.0	0.0	0.0	0.0	0.0	0.0	0.0	
4	0.0	0.0	0.0	0.0	0.0	0.0	0.0	0.0	0.0	0.0	0.0	0.0	
5	0.0	0.0	0.0	0.0	0.0	0.0	0.0	0.0	0.0	0.0	0.0	0.0	
6	0.0	0.0	0.0	0.0	0.0333537491	0.0085015543	0.0084209221	0.0196272398	0.0096718141	0.0	0.0	0.0	
7	0.0	0.0	0.0	0.0852730762	0.1896623254	0.0844983596	0.061623325	0.1110098051	0.1293850121	0.0	0.0	0.0	
8	0.0	0.0	0.0082085027	0.2032084601	0.3426933344	0.1592793241	0.145082434	0.2317429042	0.2783318636	0.05123188	0.0	0.0	
9	0.0	0.048812063	0.1898643388	0.3297293245	0.4786203128	0.2223790009	0.2111442061	0.3413154248	0.4326812383	0.1504957833	0.0450218639	0.0541493184	
10	0.0523340948	0.1716675198	0.3937105126	0.4304424516	0.5811586181	0.2948666206	0.2887305966	0.4245038198	0.5289084704	0.2445636524	0.1157120719	0.1336420247	
11	0.1043821633	0.2982845204	0.5192629459	0.5259642358	0.6424770865	0.3371042427	0.3342181768	0.4947788003	0.5923105199	0.3112512951	0.1801529842	0.2288182489	
12	0.1171356309	0.3668593408	0.5521197899	0.519272405	0.6514582653	0.3089102073	0.3569413478	0.5303414217	0.6143345335	0.3319720832	0.1971640752	0.2326236919	
13	0.1321317983	0.4089254622	0.5748195588	0.5187699034	0.6774595445	0.3024511987	0.3515932789	0.5339964032	0.62387958	0.4077676937	0.2313389593	0.2354247584	
14	0.1189690522	0.4490159691	0.6179887923	0.5045602231	0.6759115334	0.2674275711	0.3220805263	0.5401998584	0.6120567305	0.4174016037	0.2465068559	0.2084412129	
15	0.0966677528	0.3921429672	0.5906001754	0.4650105766	0.6274599346	0.2604477404	0.2855264564	0.478822175	0.5496415439	0.391844645	0.2163783262	0.1509062274	
16	0.0727427648	0.3194435976	0.5139199245	0.4005458821	0.524085548	0.2204497734	0.2329991926	0.3929897665	0.4577667656	0.3379379231	0.171841968	0.1361924023	
17	0.0	0.1125917298	0.4713688736	0.3149820539	0.4002082848	0.1756366971	0.1699350964	0.3079573175	0.3515153836	0.2882079851	0.0	0.0	
18	0.0	0.0	0.0	0.1962757367	0.2576470393	0.1218748509	0.1296565374	0.2029182881	0.213140305	0.0	0.0	0.0	
19	0.0	0.0	0.0	0.0629877772	0.1922699757	0.0902334648	0.0902441302	0.1209536974	0.115120747	0.0	0.0	0.0	
20	0.0	0.0	0.0	0.0	0.0	0.0	0.0068927625	0.0	0.0	0.0	0.0	0.0	
21	0.0	0.0	0.0	0.0	0.0	0.0	0.0	0.0	0.0	0.0	0.0	0.0	
22	0.0	0.0	0.0	0.0	0.0	0.0	0.0	0.0	0.0	0.0	0.0	0.0	
23	0.0	0.0	0.0	0.0	0.0	0.0	0.0	0.0	0.0	0.0	0.0	0.0	
24	0.0	0.0	0.0	0.0	0.0	0.0	0.0	0.0	0.0	0.0	0.0	0.0	

["WIND_ONSHORE",*,*]:	1	2	3	4	5	6	7	8	9	10	11	12	:=
1	0.6156883629	0.2339534147	0.0950784387	0.1683778998	0.3158672277	0.0820135814	0.056109226	0.1383411907	0.0874126615	0.5517476712	0.055561386	0.3818607371	
2	0.6327812334	0.2172100908	0.0913276051	0.1546463485	0.2648149604	0.094394511	0.0640796024	0.1518758612	0.0740202975	0.5564384644	0.0634445798	0.3944184306	
3	0.6497481974	0.1940342025	0.0881936483	0.1510801653	0.2307711095	0.1154874904	0.070233533	0.1652599474	0.0619897761	0.5740915662	0.0748654185	0.3962409121	
4	0.6792656724	0.1747554204	0.0894019881	0.1535288004	0.2199282213	0.1332567486	0.0824101106	0.1825752624	0.0506355434	0.5652723443	0.0814933045	0.401019207	
5	0.6985387476	0.1614353787	0.0907901394	0.157454893	0.211649201	0.155085477	0.0891589912	0.1756389825	0.0494259439	0.5513762912	0.0894657394	0.4030614382	
6	0.7109105802	0.1478731476	0.0943422749	0.158908217	0.2064803968	0.1698721107	0.087931058	0.1652813918	0.0557731031	0.554760023	0.0945832016	0.415097271	
7	0.7232301473	0.1348899074	0.0938807866	0.1522240939	0.1891565429	0.1644066008	0.0787484073	0.1694544866	0.050561556	0.5434433977	0.0990531353	0.4255824255	
8	0.727391269	0.127903744	0.0977750008	0.1249319171	0.1393977695	0.2159787099	0.0739994618	0.1606313136	0.0226515619	0.5492382842	0.0996439021	0.4314438309	
9	0.7226311161	0.1239556741	0.0992824397	0.1100075083	0.1337353303	0.2438657224	0.0961067505	0.1454437292	0.013042903	0.5998438934	0.1032891526	0.4494191018	
10	0.7223703259	0.1120828676	0.0794885707	0.1104955827	0.1517482079	0.2792067687	0.1157460257	0.1638214382	0.0156500046	0.6864340681	0.1036744847	0.448115319	
11	0.6865726354	0.0838700825	0.0431623569	0.0982866045	0.1380004477	0.2336068447	0.0921186128	0.1556445233	0.0202258551	0.4082656719	0.1002656005	0.3531699611	
12	0.736886632	0.0812019807	0.0296541314	0.1100765832	0.1722498845	0.2506674511	0.1114646805	0.1797723233	0.0295799932	0.4219744515	0.1283366826	0.4147763148	
13	0.7819729877	0.0697352575	0.0270210613	0.1168605533	0.1954115584	0.2617485276	0.1358702173	0.2207299451	0.0318709797	0.4885443653	0.1475569507	0.3800048683	
14	0.8079844566	0.0616149843	0.0274989841	0.1233954429	0.1997593802	0.2757292656	0.1582865935	0.2611326311	0.0312424353	0.5368448019	0.1505381734	0.3322995636	
15	0.8123867163	0.0478620433	0.0384773915	0.1331337185	0.1964731493	0.2801578597	0.1663977715	0.2529495249	0.0326634286	0.5863859682	0.1404953411	0.295198279	
16	0.8021687249	0.0444890225	0.0676382894	0.1444315166	0.1882267746	0.2673531586	0.1565753426	0.2350788035	0.0335068878	0.5775431787	0.1203766815	0.2638229104	
17	0.8046626196	0.0726810041	0.120038174	0.164993147	0.1583832816	0.2569789663	0.1445161862	0.1973501209	0.0285527573	0.537255994	0.119321803	0.2622684729	
18	0.8069792088	0.1164758402	0.1740636419	0.1746792645	0.1564406675	0.239979196	0.1211483844	0.1511736219	0.0344069138	0.504708968	0.1199233614	0.2906314698	
19	0.81312533	0.1602699767	0.2133655613	0.2127330596	0.2289296556	0.2482995657	0.1060784284	0.102309159	0.0443665338	0.4962265664	0.1266282226	0.2896392255	
20	0.8109062203	0.2063229785	0.2480368953	0.2473410246	0.3148579698	0.2424679289	0.1020314281	0.0847404647	0.0639723142	0.504930348	0.1309158914	0.2762296365	
21	0.8073425583	0.2274200092	0.2613981681	0.2641348863	0.3555223693	0.2239421205	0.1140319144	0.0790150028	0.080874429	0.5074054141	0.1339665992	0.2765715321	
22	0.7844973469	0.2499507076	0.2736961143	0.2626171804	0.3667832667	0.2043606981	0.1296686678	0.0826895835	0.0876227239	0.5116684993	0.1277385518	0.2636949933	
23	0.6540395985	0.2684499051	0.2687032285	0.2094453533	0.3436171073	0.155420855	0.1464692771	0.1155196646	0.1105288369	0.5659480574	0.1058650174	0.2693138484	
24	0.6716478848	0.2971442633	0.2859541326	0.2033627594	0.3368925977	0.1533223548	0.1489642497	0.1101689494	0.1065495207	0.5455508118	0.0940133859	0.2537383528	

["WIND_OFFSHORE",*,*]:	1	2	3	4	5	6	7	8	9	10	11	12	:=
1	0.8796098815	0.4259324924	0.5167788572	0.7362139071	0.7958781899	0.179171141	0.5692203266	0.2024799262	0.2423840613	0.8264277724	0.1201156249	0.8696013991	
2	0.8796157842	0.3852887161	0.5267251982	0.7114360897	0.7926307189	0.2034425837	0.6227313198	0.2210763621	0.2462451439	0.836727072	0.1090218189	0.8724471165	
3	0.8796373127	0.3556449258	0.5150191494	0.7002027489	0.7357961799	0.209081499	0.6331038041	0.2452432145	0.2642433187	0.8661907245	0.1195027453	0.8683429641	
4	0.8796649913	0.3344109993	0.5115123554	0.6881613722	0.7774150012	0.2091725054	0.6497600436	0.2697487389	0.2398872287	0.8738674245	0.1364167235	0.8673166715	
5	0.8796762493	0.3317345524	0.4960998178	0.6757647969	0.6407417639	0.2690143653	0.6562478278	0.2655750908	0.187543283	0.8766579419	0.1426553336	0.8625296074	
6	0.8796726943	0.3327726446	0.5110604741	0.6705424008	0.4939231244	0.3124422613	0.6564207865	0.2711264452	0.1376668139	0.8783385226	0.1579852137	0.8629245952	
7	0.8796273306	0.3199899737	0.5435369742	0.6739663444	0.565976185	0.3492893172	0.6457913006	0.2783609514	0.1362316941	0.878392843	0.1745675116	0.8653687713	
8	0.8795569783	0.3045457326	0.558734334	0.6757576305	0.6317454942	0.3751162672	0.6320792533	0.2818319023	0.17853415	0.8780494246	0.1877535899	0.8688358506	
9	0.879477077	0.3238649777	0.5742572535	0.6812860159	0.6846009091	0.3925582845	0.6488914469	0.2847842126	0.2599135924	0.8757056013	0.2072300611	0.87330284	
10	0.8794005313	0.3555752215	0.6102405366	0.6913982377	0.6813659381	0.4103731583	0.6579039707	0.2942585559	0.3250705115	0.8790619841	0.2314483883	0.8704948009	
11	0.8792991834	0.4478421301	0.5412516193	0.685561586	0.6060147565	0.421774891	0.4984283124	0.3396753776	0.272356372	0.8722358291	0.233590029	0.8730834332	
12	0.8793867083	0.4814105612	0.6023084334	0.6728711088	0.6245972055	0.4600155966	0.524353638	0.4118094247	0.2394659616	0.8685604994	0.2614967021	0.873241158	
13	0.8794794378	0.4615246247	0.6299494786	0.6327060089	0.6574276477	0.4830838048	0.5735099038	0.4451971198	0.2371812853	0.8760337636	0.3152064305	0.8665111025	
14	0.8795975896	0.4601775862	0.6461211837	0.5816412102	0.6300001768	0.4870126024	0.621745381	0.4425115742	0.2705037084	0.8786532005	0.3475706849	0.8642376914	
15	0.8795219273	0.4704132018	0.6729646136	0.5725708028	0.6385049998	0.5007680109	0.6678626873	0.4651206482	0.2985952794	0.879207822	0.3589410173	0.8558596904	
16	0.8796431289	0.4785516529	0.6956916789	0.6072186624	0.6584263007	0.5491403683	0.6722497573	0.4483969683	0.3013876273	0.87940204	0.3600509436	0.8543253419	
17	0.8796903704	0.487932282	0.7214319032	0.6465809026	0.6479873634	0.6143397375	0.6755976124	0.4410677792	0.3949768496	0.8794362887	0.4017246768	0.8120204663	
18	0.879676683	0.4928771916	0.7442659853	0.659025028	0.6583964868	0.5906438537	0.6685216238	0.3916462498	0.5161853605	0.8794072417	0.4542596625	0.8224509402	
19	0.8796333499	0.5080232749	0.761953575	0.6688574081	0.654062449	0.5653657959	0.659991963	0.3354117696	0.5504325915	0.8793815522	0.4825835242	0.842689147	
20	0.8795733016	0.580051398	0.7860709935	0.6724184741	0.6910140023	0.5393563186	0.6307210589	0.3405024202	0.5205297125	0.8793679546	0.4639566442	0.8380924825	
21	0.8795434525	0.6347649987	0.8121961393	0.6627867792	0.7651963539	0.4788576262	0.6127389053	0.3728608324	0.4734067363	0.879358697	0.4101548005	0.8244783067	
22	0.8795527612	0.6444891557	0.8318713508	0.6437861463	0.708466228	0.4028015352	0.659889067	0.4092833951	0.426866994	0.8792779394	0.3341327531	0.8197549274	
23	0.8795051078	0.6879035713	0.8270770402	0.5836947633	0.5792707969	0.3076545878	0.6958436852	0.591261349	0.4528678956	0.8795060477	0.3464351643	0.8132761117	
24	0.8795860256	0.7121149909	0.8491094319	0.5463007922	0.40565301	0.2518707502	0.7281570607	0.5412219241	0.389537753	0.8794749606	0.3073986334	0.7818802781	

["HYDRO_RIVER",*,*]:	1	2	3	4	5	6	7	8	9	10	11	12	:=
1	0.400191527	0.3115063339	0.5266691524	1.0591352554	0.8242580787	0.7721525827	0.239917631	0.3340313538	0.2427579913	0.3838828991	0.3353489757	0.283766139	
2	0.3991353819	0.3116454965	0.5271126527	1.0591352554	0.8234814315	0.7716396256	0.2399451741	0.3342513226	0.2423234415	0.3840039967	0.3346061993	0.2834378421	
3	0.398491806	0.3117913515	0.5275590213	1.0591352554	0.8227029522	0.7711345118	0.2398709011	0.3341853119	0.2420358484	0.3842547872	0.3341097696	0.2825426114	
4	0.3978996826	0.3119278289	0.5280022765	1.0591352554	0.8219264084	0.7706318019	0.2392814316	0.3339676637	0.2417652191	0.3862795441	0.3336960435	0.2814039403	
5	0.397375267	0.3120715569	0.5284564271	1.0591352554	0.8211556327	0.7701352064	0.2380626318	0.3336888641	0.2414433208	0.38713279	0.3330898043	0.2799807455	
6	0.3969551096	0.3122073426	0.528897698	1.0591352554	0.8203881899	0.7696552273	0.237361387	0.3334431713	0.2410341874	0.3887637309	0.3325627405	0.2783051225	
7	0.3964702869	0.3123508548	0.5293192324	1.0591352554	0.8196666897	0.7691896798	0.2374472114	0.333297825	0.2405184234	0.3903773051	0.3323651637	0.2766675187	
8	0.396078573	0.3124929164	0.5297959043	1.0591352554	0.8191278108	0.7688488085	0.2382315162	0.3322766019	0.2401837119	0.3918590322	0.3315326078	0.2755674771	
9	0.3956220871	0.3126305621	0.5302449015	1.0591352554	0.8189365921	0.7684308352	0.2391270817	0.3315153853	0.2395076142	0.3934195876	0.3310130767	0.2744780958	
10	0.395171175	0.3127674097	0.5305694737	1.0591352554	0.8191292007	0.7671294818	0.2399907266	0.3310339242	0.2384858475	0.3946214574	0.3307125028	0.2734130411	
11	0.3946763023	0.3129048679	0.5308543756	1.0591352554	0.8189637034	0.7657519845	0.2419964243	0.3308320359	0.2362659007	0.39736529	0.3304106436	0.2726541382	
12	0.3941233633	0.313049391	0.5312053345	1.0591352554	0.8186027466	0.7643169962	0.2436093774	0.3306939523	0.2341358548	0.3988453833	0.3301790787	0.2721268539	
13	0.3934290596	0.3132084993	0.5314288311	1.0591352554	0.8182332249	0.7629646619	0.2454889083	0.3305098169	0.2315524587	0.4000227966	0.3302265154	0.2717024967	
14	0.3928215058	0.3133892208	0.5320258416	1.0591352554	0.8178475457	0.7615932943	0.2480884583	0.3302491796	0.2280425412	0.401054712	0.3303669153	0.2713719097	
15	0.3922733621	0.3135651682	0.5329914077	1.0591352554	0.8174193761	0.7603862234	0.2527290405	0.3299887302	0.225360013	0.4016322156	0.3304529545	0.270986916	
16	0.3917794963	0.3137145129	0.5337651202	1.0591352554	0.8168007303	0.7593615164	0.2580907084	0.3295759788	0.2236059152	0.4018048997	0.3305709325	0.2706704873	
17	0.3913414611	0.3138603547	0.5340910801	1.0591352554	0.81599304	0.7588616091	0.2657519301	0.3286821807	0.2203291264	0.4020493885	0.3306388119	0.2704584011	
18	0.3909463862	0.3139972052	0.5342923097	1.0591352554	0.8153827959	0.7587757472	0.2714053488	0.3278458439	0.2158301569	0.4022630178	0.3306768846	0.2703066823	
19	0.3906581906	0.3141383378	0.5345163331	1.0591352554	0.8148099713	0.7591558271	0.2736906978	0.3278810888	0.2105343891	0.4024311439	0.3307409532	0.2703410916	
20	0.3903844879	0.3142753978	0.534732634	1.0591352554	0.8142033585	0.7592971305	0.2752920204	0.3287551979	0.2057122717	0.4025903311	0.3307244163	0.2703436096	
21	0.3903071026	0.3144118419	0.534962671	1.0591352554	0.8136243205	0.759447621	0.2770111457	0.329543554	0.201458919	0.4027666087	0.3306404147	0.2705127833	
22	0.3903848764	0.3145457891	0.5352001916	1.0591352554	0.8129842144	0.7594930591	0.2782924105	0.330381138	0.197842224	0.4029311036	0.3303316711	0.2707802884	
23	0.3905172203	0.3146841996	0.5354927396	1.0591352554	0.8123568716	0.7593946811	0.2793246531	0.3312900778	0.1948833723	0.4031083472	0.3299750668	0.2710895571	
24	0.3907000995	0.3148213055	0.5357976879	1.0591352554	0.8117538421	0.7593146324	0.2798031343	0.3317846646	0.1926535299	0.4032873392	0.3293525419	0.27134407	

["DHN_SOLAR",*,*]:	1	2	3	4	5	6	7	8	9	10	11	12	:=
1	0.0	0.0	0.0	0.0	0.0	0.0	0.0	0.0	0.0	0.0	0.0	0.0	
2	0.0	0.0	0.0	0.0	0.0	0.0	0.0	0.0	0.0	0.0	0.0	0.0	
3	0.0	0.0	0.0	0.0	0.0	0.0	0.0	0.0	0.0	0.0	0.0	0.0	
4	0.0	0.0	0.0	0.0	0.0	0.0	0.0	0.0	0.0	0.0	0.0	0.0	
5	0.0	0.0	0.0	0.0	0.0	0.0	0.0	0.0	0.0	0.0	0.0	0.0	
6	0.0	0.0	0.0	0.0	0.0	0.0	0.0	0.0	0.0	0.0	0.0	0.0	
7	0.0	0.0	0.0	0.0	0.0	0.0	0.0	0.0	0.0	0.0	0.0	0.0	
8	0.0	0.0	0.0	0.0002015265	0.0273525476	0.0001659494	0.0027742325	0.0087109369	0.0122324386	0.0	0.0	0.0	
9	0.0	0.0	0.0	0.0452145922	0.1499511355	0.023015284	0.0258928224	0.0701458111	0.1444600779	0.0036527075	0.0	0.0	
10	0.0	0.0069392008	0.0874492768	0.1282345237	0.2670469938	0.0759342485	0.0718623368	0.1496234796	0.2597033422	0.0348710937	0.0045181693	0.004643306	
11	0.0041805361	0.0537271957	0.2267897121	0.2252014187	0.3587233516	0.1137332268	0.1079563962	0.2223934529	0.3589073867	0.092838451	0.0319176445	0.0402524266	
12	0.0120617808	0.1194390411	0.3198871049	0.2462204591	0.4052596085	0.0965001127	0.1349451356	0.2752695983	0.4204183225	0.123361368	0.0520799622	0.0544708683	
13	0.02024866	0.1567495745	0.3598107969	0.2375206108	0.4224508064	0.0912241091	0.1332268998	0.274286003	0.4216098846	0.1678541642	0.0574620779	0.0461720295	
14	0.0162460642	0.1540651034	0.344303149	0.2032489027	0.3905587415	0.0720616342	0.1046295286	0.2593047056	0.3786608511	0.1521010119	0.0558290322	0.0212030103	
15	0.0104278012	0.097258339	0.2768089008	0.1534354795	0.3112129405	0.0646887168	0.0786842721	0.1854653899	0.2851176685	0.1056501506	0.0272704509	0.0041236916	
16	0.0033761339	0.0379443007	0.1673642938	0.0874910782	0.1913209679	0.0394281792	0.0428052659	0.1041933166	0.1728279636	0.0380647437	0.0018132213	0.0019102654	
17	0.0	0.0085787263	0.0666034038	0.0195642211	0.065108247	0.0135389455	0.0084155653	0.0270476893	0.0569468759	1.55139e-05	0.0	0.0	
18	0.0	0.0	0.0	0.0	0.0	0.0	0.0	0.0	0.0	0.0	0.0	0.0	
19	0.0	0.0	0.0	0.0	0.0	0.0	0.0	0.0	0.0	0.0	0.0	0.0	
20	0.0	0.0	0.0	0.0	0.0	0.0	0.0	0.0	0.0	0.0	0.0	0.0	
21	0.0	0.0	0.0	0.0	0.0	0.0	0.0	0.0	0.0	0.0	0.0	0.0	
22	0.0	0.0	0.0	0.0	0.0	0.0	0.0	0.0	0.0	0.0	0.0	0.0	
23	0.0	0.0	0.0	0.0	0.0	0.0	0.0	0.0	0.0	0.0	0.0	0.0	
24	0.0	0.0	0.0	0.0	0.0	0.0	0.0	0.0	0.0	0.0	0.0	0.0	

["DEC_SOLAR",*,*]:	1	2	3	4	5	6	7	8	9	10	11	12	:=
1	0.0	0.0	0.0	0.0	0.0	0.0	0.0	0.0	0.0	0.0	0.0	0.0	
2	0.0	0.0	0.0	0.0	0.0	0.0	0.0	0.0	0.0	0.0	0.0	0.0	
3	0.0	0.0	0.0	0.0	0.0	0.0	0.0	0.0	0.0	0.0	0.0	0.0	
4	0.0	0.0	0.0	0.0	0.0	0.0	0.0	0.0	0.0	0.0	0.0	0.0	
5	0.0	0.0	0.0	0.0	0.0	0.0	0.0	0.0	0.0	0.0	0.0	0.0	
6	0.0	0.0	0.0	0.0	0.0	0.0	0.0	0.0	0.0	0.0	0.0	0.0	
7	0.0	0.0	0.0	0.0	0.0	0.0	0.0	0.0	0.0	0.0	0.0	0.0	
8	0.0	0.0	0.0	0.0002015265	0.0273525476	0.0001659494	0.0027742325	0.0087109369	0.0122324386	0.0	0.0	0.0	
9	0.0	0.0	0.0	0.0452145922	0.1499511355	0.023015284	0.0258928224	0.0701458111	0.1444600779	0.0036527075	0.0	0.0	
10	0.0	0.0069392008	0.0874492768	0.1282345237	0.2670469938	0.0759342485	0.0718623368	0.1496234796	0.2597033422	0.0348710937	0.0045181693	0.004643306	
11	0.0041805361	0.0537271957	0.2267897121	0.2252014187	0.3587233516	0.1137332268	0.1079563962	0.2223934529	0.3589073867	0.092838451	0.0319176445	0.0402524266	
12	0.0120617808	0.1194390411	0.3198871049	0.2462204591	0.4052596085	0.0965001127	0.1349451356	0.2752695983	0.4204183225	0.123361368	0.0520799622	0.0544708683	
13	0.02024866	0.1567495745	0.3598107969	0.2375206108	0.4224508064	0.0912241091	0.1332268998	0.274286003	0.4216098846	0.1678541642	0.0574620779	0.0461720295	
14	0.0162460642	0.1540651034	0.344303149	0.2032489027	0.3905587415	0.0720616342	0.1046295286	0.2593047056	0.3786608511	0.1521010119	0.0558290322	0.0212030103	
15	0.0104278012	0.097258339	0.2768089008	0.1534354795	0.3112129405	0.0646887168	0.0786842721	0.1854653899	0.2851176685	0.1056501506	0.0272704509	0.0041236916	
16	0.0033761339	0.0379443007	0.1673642938	0.0874910782	0.1913209679	0.0394281792	0.0428052659	0.1041933166	0.1728279636	0.0380647437	0.0018132213	0.0019102654	
17	0.0	0.0085787263	0.0666034038	0.0195642211	0.065108247	0.0135389455	0.0084155653	0.0270476893	0.0569468759	1.55139e-05	0.0	0.0	
18	0.0	0.0	0.0	0.0	0.0	0.0	0.0	0.0	0.0	0.0	0.0	0.0	
19	0.0	0.0	0.0	0.0	0.0	0.0	0.0	0.0	0.0	0.0	0.0	0.0	
20	0.0	0.0	0.0	0.0	0.0	0.0	0.0	0.0	0.0	0.0	0.0	0.0	
21	0.0	0.0	0.0	0.0	0.0	0.0	0.0	0.0	0.0	0.0	0.0	0.0	
22	0.0	0.0	0.0	0.0	0.0	0.0	0.0	0.0	0.0	0.0	0.0	0.0	
23	0.0	0.0	0.0	0.0	0.0	0.0	0.0	0.0	0.0	0.0	0.0	0.0	
24	0.0	0.0	0.0	0.0	0.0	0.0	0.0	0.0	0.0	0.0	0.0	0.0	

;

param electricity_time_series :	1	2	3	4	5	6	7	8	9	10	11	12	:=
1	0.0001095803	0.0001089513	0.0001088054	0.0001040859	0.0001030144	0.0001005933	0.0001013586	0.0001012552	0.0001034371	0.0001039746	0.0001033239	0.0001056883	
2	0.0001086734	0.000107824	0.0001080932	0.0001042279	0.0001031005	0.0001011963	0.000101458	0.0001013231	0.0001034881	0.0001042463	0.0001025208	0.0001051031	
3	0.000108661	0.0001072989	0.0001083469	0.0001050848	0.0001042609	0.0001020236	0.0001025201	0.0001018176	0.0001041194	0.000105333	0.000102235	0.0001053236	
4	0.0001090237	0.000107363	0.000108712	0.0001075879	0.0001069478	0.0001046124	0.0001047832	0.0001050215	0.000107453	0.0001075751	0.0001019583	0.0001062064	
5	0.0001109426	0.0001089706	0.0001111614	0.0001134568	0.0001121892	0.0001102905	0.0001102245	0.0001107483	0.000112966	0.0001138914	0.0001017805	0.0001087495	
6	0.0001164234	0.0001144235	0.0001171556	0.000117082	0.0001166097	0.000114567	0.0001145858	0.0001149087	0.0001169506	0.0001182878	0.0001029938	0.0001151531	
7	0.0001217937	0.0001193912	0.0001215432	0.0001192851	0.0001194274	0.0001166726	0.0001166895	0.0001173255	0.0001196463	0.0001206457	0.0001053007	0.0001204672	
8	0.0001243186	0.000120999	0.0001224757	0.0001198329	0.0001203434	0.0001172413	0.0001177098	0.000118394	0.0001206755	0.0001212355	0.0001092623	0.0001221652	
9	0.0001241343	0.0001214835	0.0001221577	0.0001207055	0.0001210891	0.0001184241	0.0001198324	0.0001196861	0.0001221109	0.0001217321	0.0001114266	0.000122805	
10	0.0001252874	0.000122198	0.0001226908	0.0001211229	0.000122197	0.0001197817	0.0001211264	0.0001210047	0.000123432	0.0001229184	0.0001130251	0.0001232277	
11	0.0001264711	0.0001224767	0.0001224335	0.0001209522	0.0001219937	0.0001203366	0.0001194469	0.0001200893	0.0001229807	0.0001226169	0.0001137671	0.000123622	
12	0.0001260805	0.0001222616	0.0001209266	0.0001205808	0.0001207151	0.0001198475	0.0001189175	0.0001186234	0.0001225499	0.0001222562	0.0001134386	0.0001236655	
13	0.0001257193	0.0001219467	0.0001195245	0.0001197258	0.0001196442	0.0001188297	0.0001186659	0.0001172623	0.0001215996	0.0001210365	0.0001116814	0.000122582	
14	0.000124849	0.000121138	0.0001180194	0.0001187499	0.0001189232	0.0001183652	0.0001179236	0.0001162431	0.0001212995	0.0001199692	0.0001105034	0.000121994	
15	0.0001244555	0.0001203942	0.0001177543	0.0001177873	0.0001181338	0.0001170683	0.0001169461	0.0001153816	0.0001204207	0.0001183606	0.0001100795	0.0001215962	
16	0.0001243041	0.0001200255	0.000117845	0.0001174872	0.0001176227	0.0001165325	0.0001166468	0.0001151156	0.0001201132	0.0001187111	0.0001104758	0.000121591	
17	0.0001260328	0.0001224647	0.0001198657	0.0001174312	0.0001166233	0.0001163788	0.0001159793	0.0001153001	0.000119421	0.0001188285	0.0001136939	0.0001231999	
18	0.0001253622	0.0001230064	0.0001228854	0.0001177415	0.0001160987	0.0001161302	0.0001154079	0.0001147182	0.0001184945	0.0001198893	0.0001133965	0.0001235618	
19	0.0001238975	0.0001221999	0.0001222111	0.0001174996	0.0001148935	0.0001148366	0.0001138353	0.0001128806	0.0001176831	0.0001176035	0.0001118103	0.0001217485	
20	0.0001209066	0.0001197271	0.0001194069	0.0001153488	0.0001143797	0.0001134207	0.0001128242	0.0001115881	0.0001156863	0.0001143254	0.00010848	0.0001192158	
21	0.0001181169	0.0001172085	0.0001167094	0.0001127471	0.0001119277	0.0001111712	0.0001094841	0.0001085704	0.0001120099	0.0001121216	0.0001068497	0.0001160167	
22	0.0001161934	0.0001161168	0.0001149654	0.0001094321	0.000108788	0.0001080375	0.0001056894	0.0001052336	0.0001085407	0.0001088834	0.0001064119	0.0001137976	
23	0.0001131217	0.0001136034	0.0001115736	0.0001070147	0.0001068699	0.0001054232	0.0001035511	0.0001032941	0.0001061656	0.0001068628	0.0001043919	0.0001109667	
24	0.0001109039	0.0001115245	0.0001084248	0.0001053808	0.0001049115	0.0001041093	0.0001021281	0.0001016036	0.0001047114	0.000104901	0.0001031131	0.0001080574	
;

param heating_time_series :	1	2	3	4	5	6	7	8	9	10	11	12	:=
1	0.0001372504	0.0001738336	0.0001226257	9.45361e-05	3.54385e-05	9.41569e-05	3.04876e-05	3.39314e-05	3.04681e-05	7.28152e-05	0.0001252834	0.0001291711	
2	0.0001387525	0.0001758504	0.0001239221	0.0001009782	3.59383e-05	0.0001005609	3.04897e-05	3.42797e-05	3.04682e-05	7.70733e-05	0.0001280161	0.0001305596	
3	0.0001496406	0.0001904687	0.000133319	0.0001222215	3.75867e-05	0.0001216784	3.04965e-05	3.54283e-05	3.04685e-05	9.11146e-05	0.0001398285	0.0001406239	
4	0.0001855447	0.0002386733	0.0001643058	0.0001595968	4.04867e-05	0.0001588326	3.05084e-05	3.74492e-05	3.0469e-05	0.0001158188	0.0001724267	0.0001738114	
5	0.0002487143	0.0003234844	0.0002188239	0.0001690892	4.12232e-05	0.0001682688	3.05114e-05	3.79624e-05	3.04691e-05	0.0001220931	0.0002220727	0.0002322016	
6	0.0002647578	0.0003450243	0.0002326702	0.0001620719	4.06787e-05	0.000161293	3.05092e-05	3.7583e-05	3.0469e-05	0.0001174548	0.0002354057	0.0002470312	
7	0.0002528974	0.0003291006	0.0002224342	0.0001561116	4.02163e-05	0.000155368	3.05073e-05	3.72607e-05	3.0469e-05	0.0001135152	0.0002238968	0.0002360682	
8	0.0002428238	0.0003155759	0.0002137402	0.0001499906	3.97413e-05	0.0001492833	3.05053e-05	3.69298e-05	3.04689e-05	0.0001094694	0.0002148586	0.0002267568	
9	0.0002324785	0.0003016863	0.0002048117	0.0001439662	3.92739e-05	0.0001432945	3.05034e-05	3.6604e-05	3.04688e-05	0.0001054874	0.000206461	0.0002171942	
10	0.0002222964	0.0002880159	0.0001960241	0.0001397172	3.89442e-05	0.0001390706	3.0502e-05	3.63743e-05	3.04687e-05	0.0001026788	0.0001984281	0.0002077825	
11	0.0002151149	0.000278374	0.0001898262	0.0001372858	3.87555e-05	0.0001366536	3.05013e-05	3.62428e-05	3.04687e-05	0.0001010718	0.0001917066	0.0002011443	
12	0.0002110056	0.0002728569	0.0001862797	0.0001351902	3.85929e-05	0.0001345704	3.05006e-05	3.61295e-05	3.04687e-05	9.96866e-05	0.0001871884	0.000197346	
13	0.0002074636	0.0002681015	0.0001832228	0.0001350694	3.85836e-05	0.0001344503	3.05005e-05	3.6123e-05	3.04687e-05	9.96068e-05	0.0001850695	0.000194072	
14	0.0002072595	0.0002678274	0.0001830466	0.0001363047	3.86794e-05	0.0001356783	3.05009e-05	3.61898e-05	3.04687e-05	0.0001004233	0.0001851075	0.0001938833	
15	0.0002093473	0.0002706305	0.0001848485	0.0001402654	3.89867e-05	0.0001396156	3.05022e-05	3.64039e-05	3.04687e-05	0.0001030412	0.0001875336	0.0001958131	
16	0.0002160415	0.0002796181	0.0001906259	0.0001441802	3.92905e-05	0.0001435072	3.05035e-05	3.66156e-05	3.04688e-05	0.0001056288	0.0001943296	0.0002020009	
17	0.0002226581	0.0002885015	0.0001963363	0.0001477012	3.95637e-05	0.0001470074	3.05046e-05	3.6806e-05	3.04688e-05	0.0001079561	0.0002009606	0.0002081168	
18	0.0002286091	0.0002964913	0.0002014723	0.000149246	3.96836e-05	0.000148543	3.05051e-05	3.68895e-05	3.04689e-05	0.0001089772	0.0002058706	0.0002136175	
19	0.0002312199	0.0002999965	0.0002037255	0.0001467206	3.94876e-05	0.0001460326	3.05043e-05	3.6753e-05	3.04688e-05	0.000107308	0.0002090556	0.0002160308	
20	0.0002269517	0.0002942661	0.0002000419	0.0001357359	3.86353e-05	0.0001351128	3.05008e-05	3.6159e-05	3.04687e-05	0.0001000473	0.0002067283	0.0002120856	
21	0.0002083859	0.0002693398	0.0001840188	0.0001178765	3.72495e-05	0.0001173591	3.04951e-05	3.51934e-05	3.04684e-05	8.82427e-05	0.0001908637	0.0001949245	
22	0.0001782011	0.0002288138	0.0001579679	9.91525e-05	3.57967e-05	9.8746e-05	3.04891e-05	3.4181e-05	3.04682e-05	7.58666e-05	0.000163715	0.0001670234	
23	0.000146555	0.000186326	0.000130656	9.10698e-05	3.51695e-05	9.07111e-05	3.04865e-05	3.3744e-05	3.04681e-05	7.05241e-05	0.000135261	0.0001377717	
24	0.000132894	0.0001679848	0.0001200471	9.36473e-05	3.53695e-05	9.32734e-05	3.04874e-05	3.38833e-05	3.04681e-05	7.22278e-05	0.0001222468	0.0001251443	
;
